name,nodes,edges,density,time,result_set,result_w
SoA heuristic,4000,3000,0.00018754688672168043,0.0024323000106960535,1000,500060
MMG,4000,3000,0.00018754688672168043,1.9632740998640656,1000,500060
SoA heuristic,4020,3015,0.00018661358546902214,0.006140100071206689,1005,505062
MMG,4020,3015,0.00018661358546902214,1.8750095998402685,1005,505062
SoA heuristic,4040,3030,0.00018568952711067095,0.0035884000826627016,1010,509284
MMG,4040,3030,0.00018568952711067095,1.8896180000156164,1010,509284
SoA heuristic,4080,3060,0.00018386859524393233,0.03734249994158745,1020,520029
MMG,4080,3060,0.00018386859524393233,2.012445000000298,1020,520029
SoA heuristic,4120,3090,0.0001820830298616169,0.006974799791350961,1030,529789
MMG,4120,3090,0.0001820830298616169,2.2646459001116455,1030,529789
SoA heuristic,4200,3150,0.00017861395570373899,0.006170199951156974,1050,551047
MMG,4200,3150,0.00017861395570373899,1.9851699001155794,1050,551047
SoA heuristic,4240,3180,0.00017692852087756547,0.006474699825048447,1060,561463
MMG,4240,3180,0.00017692852087756547,2.0624951000791043,1060,561463
SoA heuristic,4400,3300,0.00017049329393043874,0.0024975999258458614,1100,606373
MMG,4400,3300,0.00017049329393043874,2.250723300036043,1100,606373
SoA heuristic,4600,3450,0.00016307893020221786,0.0041970000602304935,1150,662524
MMG,4600,3450,0.00016307893020221786,2.211093499790877,1150,662524
SoA heuristic,4000,3000,0.00018754688672168043,0.0066633999813348055,1000,500620
MMG,4000,3000,0.00018754688672168043,1.6252717999741435,1000,500620
SoA heuristic,4020,3015,0.00018661358546902214,0.005172800039872527,1005,505372
MMG,4020,3015,0.00018661358546902214,1.709604199975729,1005,505372
SoA heuristic,4040,3030,0.00018568952711067095,0.002211800077930093,1010,510074
MMG,4040,3030,0.00018568952711067095,1.798689200077206,1010,510074
SoA heuristic,4080,3060,0.00018386859524393233,0.007873599883168936,1020,520452
MMG,4080,3060,0.00018386859524393233,1.8276547999121249,1020,520452
SoA heuristic,4120,3090,0.0001820830298616169,0.0022519000340253115,1030,529600
MMG,4120,3090,0.0001820830298616169,2.1264068000018597,1030,529600
SoA heuristic,4200,3150,0.00017861395570373899,0.007571600144729018,1050,551048
MMG,4200,3150,0.00017861395570373899,2.147083100164309,1050,551048
SoA heuristic,4240,3180,0.00017692852087756547,0.0038846000097692013,1060,561104
MMG,4240,3180,0.00017692852087756547,2.0728466999717057,1060,561104
SoA heuristic,4400,3300,0.00017049329393043874,0.0023889001458883286,1100,605197
MMG,4400,3300,0.00017049329393043874,2.4124452001415193,1100,605197
SoA heuristic,4600,3450,0.00016307893020221786,0.007720799883827567,1150,660844
MMG,4600,3450,0.00016307893020221786,2.3873351998627186,1150,660844
SoA heuristic,4000,3000,0.00018754688672168043,0.005558000179007649,1000,499778
MMG,4000,3000,0.00018754688672168043,1.8412361000664532,1000,499778
SoA heuristic,4020,3015,0.00018661358546902214,0.005035399924963713,1005,505352
MMG,4020,3015,0.00018661358546902214,1.8656146000139415,1005,505352
SoA heuristic,4040,3030,0.00018568952711067095,0.030850999988615513,1010,510637
MMG,4040,3030,0.00018568952711067095,2.0180596001446247,1010,510637
SoA heuristic,4080,3060,0.00018386859524393233,0.005420599831268191,1020,520106
MMG,4080,3060,0.00018386859524393233,2.0233195000328124,1020,520106
SoA heuristic,4120,3090,0.0001820830298616169,0.0040883999317884445,1030,530376
MMG,4120,3090,0.0001820830298616169,2.0829851999878883,1030,530376
SoA heuristic,4200,3150,0.00017861395570373899,0.006617499981075525,1050,550910
MMG,4200,3150,0.00017861395570373899,2.122016099980101,1050,550910
SoA heuristic,4240,3180,0.00017692852087756547,0.008192999986931682,1060,561858
MMG,4240,3180,0.00017692852087756547,2.2059601000510156,1060,561858
SoA heuristic,4400,3300,0.00017049329393043874,0.004162600031122565,1100,605051
MMG,4400,3300,0.00017049329393043874,2.2836048000026494,1100,605051
SoA heuristic,4600,3450,0.00016307893020221786,0.004830699879676104,1150,660470
MMG,4600,3450,0.00016307893020221786,2.4656322000082582,1150,660470
SoA heuristic,4000,3000,0.00018754688672168043,0.009438100038096309,1000,500332
MMG,4000,3000,0.00018754688672168043,1.838573900051415,1000,500332
SoA heuristic,4020,3015,0.00018661358546902214,0.0036339000798761845,1005,505676
MMG,4020,3015,0.00018661358546902214,1.9410601002164185,1005,505676
SoA heuristic,4040,3030,0.00018568952711067095,0.004096500109881163,1010,510056
MMG,4040,3030,0.00018568952711067095,1.9816494998522103,1010,510056
SoA heuristic,4080,3060,0.00018386859524393233,0.037916299887001514,1020,520557
MMG,4080,3060,0.00018386859524393233,2.060847300104797,1020,520557
SoA heuristic,4120,3090,0.0001820830298616169,0.0038521001115441322,1030,531988
MMG,4120,3090,0.0001820830298616169,2.0887426999397576,1030,531988
SoA heuristic,4200,3150,0.00017861395570373899,0.004189600003883243,1050,551347
MMG,4200,3150,0.00017861395570373899,2.192345099989325,1050,551347
SoA heuristic,4240,3180,0.00017692852087756547,0.006075399927794933,1060,562122
MMG,4240,3180,0.00017692852087756547,1.5673387998249382,1060,562122
SoA heuristic,4400,3300,0.00017049329393043874,0.002984300022944808,1100,605424
MMG,4400,3300,0.00017049329393043874,1.5240023001097143,1100,605424
SoA heuristic,4600,3450,0.00016307893020221786,0.004321299958974123,1150,661912
MMG,4600,3450,0.00016307893020221786,1.582539000082761,1150,661912
SoA heuristic,4000,3000,0.00018754688672168043,0.003029600018635392,1000,499766
MMG,4000,3000,0.00018754688672168043,1.427024699980393,1000,499766
SoA heuristic,4020,3015,0.00018661358546902214,0.004240900045260787,1005,505206
MMG,4020,3015,0.00018661358546902214,1.45146630005911,1005,505206
SoA heuristic,4040,3030,0.00018568952711067095,0.00357230007648468,1010,510532
MMG,4040,3030,0.00018568952711067095,1.4495797001291066,1010,510532
SoA heuristic,4080,3060,0.00018386859524393233,0.002689999993890524,1020,520069
MMG,4080,3060,0.00018386859524393233,1.4474110000301152,1020,520069
SoA heuristic,4120,3090,0.0001820830298616169,0.0028684998396784067,1030,530238
MMG,4120,3090,0.0001820830298616169,1.559443200007081,1030,530238
SoA heuristic,4200,3150,0.00017861395570373899,0.0034040999598801136,1050,551712
MMG,4200,3150,0.00017861395570373899,1.585220499895513,1050,551712
SoA heuristic,4240,3180,0.00017692852087756547,0.0029599000699818134,1060,562330
MMG,4240,3180,0.00017692852087756547,1.5613941000774503,1060,562330
SoA heuristic,4400,3300,0.00017049329393043874,0.0030950000509619713,1100,605210
MMG,4400,3300,0.00017049329393043874,1.7138851000927389,1100,605210
SoA heuristic,4600,3450,0.00016307893020221786,0.0033378000371158123,1150,661073
MMG,4600,3450,0.00016307893020221786,1.8833909998647869,1150,661073
SoA heuristic,4000,3000,0.00018754688672168043,0.0033293000888079405,1000,500100
MMG,4000,3000,0.00018754688672168043,1.3855242000427097,1000,500100
SoA heuristic,4020,3015,0.00018661358546902214,0.00293960003182292,1005,505092
MMG,4020,3015,0.00018661358546902214,1.5817353997845203,1005,505092
SoA heuristic,4040,3030,0.00018568952711067095,0.003662100061774254,1010,509839
MMG,4040,3030,0.00018568952711067095,1.686247600009665,1010,509839
SoA heuristic,4080,3060,0.00018386859524393233,0.003803800093010068,1020,519333
MMG,4080,3060,0.00018386859524393233,1.6901690000668168,1020,519333
SoA heuristic,4120,3090,0.0001820830298616169,0.003441000124439597,1030,530982
MMG,4120,3090,0.0001820830298616169,1.7284502999391407,1030,530982
SoA heuristic,4200,3150,0.00017861395570373899,0.0033869000617414713,1050,550539
MMG,4200,3150,0.00017861395570373899,1.7042711998801678,1050,550539
SoA heuristic,4240,3180,0.00017692852087756547,0.0034591001458466053,1060,562877
MMG,4240,3180,0.00017692852087756547,1.6155501001048833,1060,562877
SoA heuristic,4400,3300,0.00017049329393043874,0.0034427999053150415,1100,604320
MMG,4400,3300,0.00017049329393043874,1.7431866999249905,1100,604320
SoA heuristic,4600,3450,0.00016307893020221786,0.0036849998869001865,1150,661644
MMG,4600,3450,0.00016307893020221786,1.902548999991268,1150,661644
SoA heuristic,4000,3000,0.00018754688672168043,0.006471900036558509,1000,500362
MMG,4000,3000,0.00018754688672168043,1.7387817001435906,1000,500362
SoA heuristic,4020,3015,0.00018661358546902214,0.0027590999379754066,1005,505578
MMG,4020,3015,0.00018661358546902214,1.8132122999522835,1005,505578
SoA heuristic,4040,3030,0.00018568952711067095,0.0036189001984894276,1010,510354
MMG,4040,3030,0.00018568952711067095,1.7964695999398828,1010,510354
SoA heuristic,4080,3060,0.00018386859524393233,0.006888699950650334,1020,520509
MMG,4080,3060,0.00018386859524393233,2.028902699938044,1020,520509
SoA heuristic,4120,3090,0.0001820830298616169,0.0022916998714208603,1030,529834
MMG,4120,3090,0.0001820830298616169,1.9660255999770015,1030,529834
SoA heuristic,4200,3150,0.00017861395570373899,0.002415700117126107,1050,550817
MMG,4200,3150,0.00017861395570373899,1.9431282000150532,1050,550817
SoA heuristic,4240,3180,0.00017692852087756547,0.0028382998425513506,1060,561883
MMG,4240,3180,0.00017692852087756547,1.9726022998802364,1060,561883
SoA heuristic,4400,3300,0.00017049329393043874,0.0034419000148773193,1100,605625
MMG,4400,3300,0.00017049329393043874,2.122541300021112,1100,605625
SoA heuristic,4600,3450,0.00016307893020221786,0.0026633997913450003,1150,660695
MMG,4600,3450,0.00016307893020221786,2.2237497000023723,1150,660695
SoA heuristic,4000,3000,0.00018754688672168043,0.002360600046813488,1000,500236
MMG,4000,3000,0.00018754688672168043,1.2132760998792946,1000,500236
SoA heuristic,4020,3015,0.00018661358546902214,0.002402199897915125,1005,504457
MMG,4020,3015,0.00018661358546902214,1.2252251000609249,1005,504457
SoA heuristic,4040,3030,0.00018568952711067095,0.0024259998463094234,1010,510425
MMG,4040,3030,0.00018568952711067095,1.2214242001064122,1010,510425
SoA heuristic,4080,3060,0.00018386859524393233,0.029151200084015727,1020,519626
MMG,4080,3060,0.00018386859524393233,1.263026800006628,1020,519626
SoA heuristic,4120,3090,0.0001820830298616169,0.00250809988938272,1030,530649
MMG,4120,3090,0.0001820830298616169,1.2819292000494897,1030,530649
SoA heuristic,4200,3150,0.00017861395570373899,0.00243559991940856,1050,550795
MMG,4200,3150,0.00017861395570373899,1.336444899905473,1050,550795
SoA heuristic,4240,3180,0.00017692852087756547,0.002795599866658449,1060,562530
MMG,4240,3180,0.00017692852087756547,1.359407499898225,1060,562530
SoA heuristic,4400,3300,0.00017049329393043874,0.002582400105893612,1100,605021
MMG,4400,3300,0.00017049329393043874,1.464533600024879,1100,605021
SoA heuristic,4600,3450,0.00016307893020221786,0.003281200071796775,1150,661339
MMG,4600,3450,0.00016307893020221786,1.5934119999874383,1150,661339
SoA heuristic,4000,3000,0.00018754688672168043,0.003024099860340357,1000,498870
MMG,4000,3000,0.00018754688672168043,1.6315426998771727,1000,498870
SoA heuristic,4020,3015,0.00018661358546902214,0.004536000080406666,1005,505492
MMG,4020,3015,0.00018661358546902214,1.7931288999971002,1005,505492
SoA heuristic,4040,3030,0.00018568952711067095,0.04979799990542233,1010,509728
MMG,4040,3030,0.00018568952711067095,1.7346613998524845,1010,509728
SoA heuristic,4080,3060,0.00018386859524393233,0.0024166000075638294,1020,519376
MMG,4080,3060,0.00018386859524393233,1.7736124999355525,1020,519376
SoA heuristic,4120,3090,0.0001820830298616169,0.006364299915730953,1030,530833
MMG,4120,3090,0.0001820830298616169,1.8823206999804825,1030,530833
SoA heuristic,4200,3150,0.00017861395570373899,0.002783800009638071,1050,551126
MMG,4200,3150,0.00017861395570373899,1.8776799000333995,1050,551126
SoA heuristic,4240,3180,0.00017692852087756547,0.002283399924635887,1060,561240
MMG,4240,3180,0.00017692852087756547,1.7996311001479626,1060,561240
SoA heuristic,4400,3300,0.00017049329393043874,0.0026227999478578568,1100,604820
MMG,4400,3300,0.00017049329393043874,2.016333700157702,1100,604820
SoA heuristic,4600,3450,0.00016307893020221786,0.0026837000623345375,1150,661450
MMG,4600,3450,0.00016307893020221786,2.4515879000537097,1150,661450
SoA heuristic,4000,3000,0.00018754688672168043,0.0030376999638974667,1000,499698
MMG,4000,3000,0.00018754688672168043,1.4042787000071257,1000,499698
SoA heuristic,4020,3015,0.00018661358546902214,0.002880200045183301,1005,505645
MMG,4020,3015,0.00018661358546902214,1.432200799928978,1005,505645
SoA heuristic,4040,3030,0.00018568952711067095,0.002841799985617399,1010,509685
MMG,4040,3030,0.00018568952711067095,1.4556811000220478,1010,509685
SoA heuristic,4080,3060,0.00018386859524393233,0.002407599939033389,1020,520504
MMG,4080,3060,0.00018386859524393233,1.4591035000048578,1020,520504
SoA heuristic,4120,3090,0.0001820830298616169,0.004705900093540549,1030,530816
MMG,4120,3090,0.0001820830298616169,1.486130899982527,1030,530816
SoA heuristic,4200,3150,0.00017861395570373899,0.004278900101780891,1050,550746
MMG,4200,3150,0.00017861395570373899,1.5361905999016017,1050,550746
SoA heuristic,4240,3180,0.00017692852087756547,0.002615800127387047,1060,561091
MMG,4240,3180,0.00017692852087756547,1.63997030002065,1060,561091
SoA heuristic,4400,3300,0.00017049329393043874,0.0032979000825434923,1100,606124
MMG,4400,3300,0.00017049329393043874,1.6999880999792367,1100,606124
SoA heuristic,4600,3450,0.00016307893020221786,0.0034757000394165516,1150,661397
MMG,4600,3450,0.00016307893020221786,1.8680517000611871,1150,661397
SoA heuristic,4000,3000,0.00018754688672168043,0.008985299849882722,1000,499978
MMG,4000,3000,0.00018754688672168043,1.7402843998279423,1000,499978
SoA heuristic,4020,3015,0.00018661358546902214,0.002403899794444442,1005,504119
MMG,4020,3015,0.00018661358546902214,1.7564727999269962,1005,504119
SoA heuristic,4040,3030,0.00018568952711067095,0.00665819994173944,1010,511151
MMG,4040,3030,0.00018568952711067095,1.660486500011757,1010,511151
SoA heuristic,4080,3060,0.00018386859524393233,0.0048929001204669476,1020,520460
MMG,4080,3060,0.00018386859524393233,1.8179606997873634,1020,520460
SoA heuristic,4120,3090,0.0001820830298616169,0.00419300002977252,1030,530956
MMG,4120,3090,0.0001820830298616169,1.9384226999245584,1030,530956
SoA heuristic,4200,3150,0.00017861395570373899,0.0027842000126838684,1050,551158
MMG,4200,3150,0.00017861395570373899,1.9552543999161571,1050,551158
SoA heuristic,4240,3180,0.00017692852087756547,0.0025373001117259264,1060,561203
MMG,4240,3180,0.00017692852087756547,1.9253129998687655,1060,561203
SoA heuristic,4400,3300,0.00017049329393043874,0.006211699917912483,1100,604517
MMG,4400,3300,0.00017049329393043874,2.036533599952236,1100,604517
SoA heuristic,4600,3450,0.00016307893020221786,0.0033851000480353832,1150,661506
MMG,4600,3450,0.00016307893020221786,2.3080426999367774,1150,661506
SoA heuristic,4000,3000,0.00018754688672168043,0.003933699801564217,1000,499870
MMG,4000,3000,0.00018754688672168043,1.6439199999440461,1000,499870
SoA heuristic,4020,3015,0.00018661358546902214,0.005785099929198623,1005,504279
MMG,4020,3015,0.00018661358546902214,1.8254363001324236,1005,504279
SoA heuristic,4040,3030,0.00018568952711067095,0.05481319990940392,1010,510098
MMG,4040,3030,0.00018568952711067095,1.9437422000337392,1010,510098
SoA heuristic,4080,3060,0.00018386859524393233,0.00624029990285635,1020,520244
MMG,4080,3060,0.00018386859524393233,1.9529114998877048,1020,520244
SoA heuristic,4120,3090,0.0001820830298616169,0.004590099910274148,1030,530466
MMG,4120,3090,0.0001820830298616169,1.619040000019595,1030,530466
SoA heuristic,4200,3150,0.00017861395570373899,0.04091580002568662,1050,551699
MMG,4200,3150,0.00017861395570373899,1.6927000998985022,1050,551699
SoA heuristic,4240,3180,0.00017692852087756547,0.0024065999314188957,1060,562566
MMG,4240,3180,0.00017692852087756547,1.7105013998225331,1060,562566
SoA heuristic,4400,3300,0.00017049329393043874,0.0023169999476522207,1100,605586
MMG,4400,3300,0.00017049329393043874,2.0279621998779476,1100,605586
SoA heuristic,4600,3450,0.00016307893020221786,0.0041820998303592205,1150,661099
MMG,4600,3450,0.00016307893020221786,2.3763850999530405,1150,661099
SoA heuristic,4000,3000,0.00018754688672168043,0.007579500088468194,1000,499909
MMG,4000,3000,0.00018754688672168043,1.8776374000590295,1000,499909
SoA heuristic,4020,3015,0.00018661358546902214,0.004261299967765808,1005,503802
MMG,4020,3015,0.00018661358546902214,1.6753831000532955,1005,503802
SoA heuristic,4040,3030,0.00018568952711067095,0.002552000107243657,1010,510461
MMG,4040,3030,0.00018568952711067095,1.6242551000323147,1010,510461
SoA heuristic,4080,3060,0.00018386859524393233,0.0025782999582588673,1020,520740
MMG,4080,3060,0.00018386859524393233,1.6695589001756161,1020,520740
SoA heuristic,4120,3090,0.0001820830298616169,0.0026326000224798918,1030,530331
MMG,4120,3090,0.0001820830298616169,1.9719187000300735,1030,530331
SoA heuristic,4200,3150,0.00017861395570373899,0.006688200170174241,1050,552000
MMG,4200,3150,0.00017861395570373899,1.7982113000471145,1050,552000
SoA heuristic,4240,3180,0.00017692852087756547,0.0025919999461621046,1060,560921
MMG,4240,3180,0.00017692852087756547,1.780244000023231,1060,560921
SoA heuristic,4400,3300,0.00017049329393043874,0.04056930006481707,1100,605300
MMG,4400,3300,0.00017049329393043874,1.9402608000673354,1100,605300
SoA heuristic,4600,3450,0.00016307893020221786,0.0064535001292824745,1150,661618
MMG,4600,3450,0.00016307893020221786,2.222487200051546,1150,661618
SoA heuristic,4000,3000,0.00018754688672168043,0.0021693999879062176,1000,500405
MMG,4000,3000,0.00018754688672168043,1.7191285002045333,1000,500405
SoA heuristic,4020,3015,0.00018661358546902214,0.006578299915418029,1005,506035
MMG,4020,3015,0.00018661358546902214,1.91322849993594,1005,506035
SoA heuristic,4040,3030,0.00018568952711067095,0.03930919989943504,1010,510553
MMG,4040,3030,0.00018568952711067095,1.8104160998482257,1010,510553
SoA heuristic,4080,3060,0.00018386859524393233,0.0026227000635117292,1020,519959
MMG,4080,3060,0.00018386859524393233,1.8962647998705506,1020,519959
SoA heuristic,4120,3090,0.0001820830298616169,0.0021576001308858395,1030,530406
MMG,4120,3090,0.0001820830298616169,2.0244669001549482,1030,530406
SoA heuristic,4200,3150,0.00017861395570373899,0.05274229985661805,1050,550879
MMG,4200,3150,0.00017861395570373899,1.7836645999923348,1050,550879
SoA heuristic,4240,3180,0.00017692852087756547,0.0023771999403834343,1060,562067
MMG,4240,3180,0.00017692852087756547,1.8771631000563502,1060,562067
SoA heuristic,4400,3300,0.00017049329393043874,0.0023614000529050827,1100,604872
MMG,4400,3300,0.00017049329393043874,2.3648010999895632,1100,604872
SoA heuristic,4600,3450,0.00016307893020221786,0.005525799933820963,1150,660777
MMG,4600,3450,0.00016307893020221786,2.3596487999893725,1150,660777
SoA heuristic,4000,3000,0.00018754688672168043,0.002506999997422099,1000,500778
MMG,4000,3000,0.00018754688672168043,1.8245234999340028,1000,500778
SoA heuristic,4020,3015,0.00018661358546902214,0.006570500088855624,1005,505232
MMG,4020,3015,0.00018661358546902214,1.7884756999555975,1005,505232
SoA heuristic,4040,3030,0.00018568952711067095,0.0057483999989926815,1010,509640
MMG,4040,3030,0.00018568952711067095,1.8910475999582559,1010,509640
SoA heuristic,4080,3060,0.00018386859524393233,0.0021985999774187803,1020,518779
MMG,4080,3060,0.00018386859524393233,1.7256767998915166,1020,518779
SoA heuristic,4120,3090,0.0001820830298616169,0.002910299925133586,1030,529592
MMG,4120,3090,0.0001820830298616169,2.072591100120917,1030,529592
SoA heuristic,4200,3150,0.00017861395570373899,0.002230799989774823,1050,551629
MMG,4200,3150,0.00017861395570373899,1.9132538000121713,1050,551629
SoA heuristic,4240,3180,0.00017692852087756547,0.0024173001293092966,1060,561349
MMG,4240,3180,0.00017692852087756547,2.215309999883175,1060,561349
SoA heuristic,4400,3300,0.00017049329393043874,0.007091699866577983,1100,605158
MMG,4400,3300,0.00017049329393043874,2.3667044998146594,1100,605158
SoA heuristic,4600,3450,0.00016307893020221786,0.002947299974039197,1150,660763
MMG,4600,3450,0.00016307893020221786,2.503303000004962,1150,660763
SoA heuristic,4000,3000,0.00018754688672168043,0.0028969000559300184,1000,499633
MMG,4000,3000,0.00018754688672168043,1.6193494000472128,1000,499633
SoA heuristic,4020,3015,0.00018661358546902214,0.00227269995957613,1005,505183
MMG,4020,3015,0.00018661358546902214,1.7524728998541832,1005,505183
SoA heuristic,4040,3030,0.00018568952711067095,0.004226100165396929,1010,509179
MMG,4040,3030,0.00018568952711067095,1.7335830999072641,1010,509179
SoA heuristic,4080,3060,0.00018386859524393233,0.005437699845060706,1020,520723
MMG,4080,3060,0.00018386859524393233,1.6849735998548567,1020,520723
SoA heuristic,4120,3090,0.0001820830298616169,0.027782300021499395,1030,530606
MMG,4120,3090,0.0001820830298616169,1.935247200075537,1030,530606
SoA heuristic,4200,3150,0.00017861395570373899,0.006432699970901012,1050,551534
MMG,4200,3150,0.00017861395570373899,1.824499199865386,1050,551534
SoA heuristic,4240,3180,0.00017692852087756547,0.0023570999037474394,1060,561065
MMG,4240,3180,0.00017692852087756547,1.8949631999712437,1060,561065
SoA heuristic,4400,3300,0.00017049329393043874,0.0027710997965186834,1100,604799
MMG,4400,3300,0.00017049329393043874,1.960470600053668,1100,604799
SoA heuristic,4600,3450,0.00016307893020221786,0.0026708999648690224,1150,662075
MMG,4600,3450,0.00016307893020221786,2.294824499869719,1150,662075
SoA heuristic,4000,3000,0.00018754688672168043,0.002066400134935975,1000,499692
MMG,4000,3000,0.00018754688672168043,1.8424832997843623,1000,499692
SoA heuristic,4020,3015,0.00018661358546902214,0.0027828000020235777,1005,504603
MMG,4020,3015,0.00018661358546902214,1.881713500013575,1005,504603
SoA heuristic,4040,3030,0.00018568952711067095,0.0021532000973820686,1010,509804
MMG,4040,3030,0.00018568952711067095,1.900336500024423,1010,509804
SoA heuristic,4080,3060,0.00018386859524393233,0.002627599984407425,1020,520142
MMG,4080,3060,0.00018386859524393233,1.9958472000434995,1020,520142
SoA heuristic,4120,3090,0.0001820830298616169,0.006211600033566356,1030,529998
MMG,4120,3090,0.0001820830298616169,1.9070450998842716,1030,529998
SoA heuristic,4200,3150,0.00017861395570373899,0.002623500069603324,1050,550983
MMG,4200,3150,0.00017861395570373899,2.1142696999013424,1050,550983
SoA heuristic,4240,3180,0.00017692852087756547,0.008538899943232536,1060,562195
MMG,4240,3180,0.00017692852087756547,2.0114458999596536,1060,562195
SoA heuristic,4400,3300,0.00017049329393043874,0.0062107001431286335,1100,604039
MMG,4400,3300,0.00017049329393043874,2.381106299813837,1100,604039
SoA heuristic,4600,3450,0.00016307893020221786,0.0033040998969227076,1150,660677
MMG,4600,3450,0.00016307893020221786,2.292396100005135,1150,660677
SoA heuristic,4000,3000,0.00018754688672168043,0.0068512000143527985,1000,500468
MMG,4000,3000,0.00018754688672168043,1.7243199001532048,1000,500468
SoA heuristic,4020,3015,0.00018661358546902214,0.0021158000454306602,1005,504487
MMG,4020,3015,0.00018661358546902214,1.5699176001362503,1005,504487
SoA heuristic,4040,3030,0.00018568952711067095,0.006815799977630377,1010,509738
MMG,4040,3030,0.00018568952711067095,1.9727608000393957,1010,509738
SoA heuristic,4080,3060,0.00018386859524393233,0.0024009000044316053,1020,519973
MMG,4080,3060,0.00018386859524393233,1.8501794999465346,1020,519973
SoA heuristic,4120,3090,0.0001820830298616169,0.0026378000620752573,1030,530273
MMG,4120,3090,0.0001820830298616169,2.0788169999141246,1030,530273
SoA heuristic,4200,3150,0.00017861395570373899,0.0023678001016378403,1050,552203
MMG,4200,3150,0.00017861395570373899,1.8203501999378204,1050,552203
SoA heuristic,4240,3180,0.00017692852087756547,0.002220599912106991,1060,560750
MMG,4240,3180,0.00017692852087756547,1.743862299947068,1060,560750
SoA heuristic,4400,3300,0.00017049329393043874,0.0053801999893039465,1100,604847
MMG,4400,3300,0.00017049329393043874,2.1144112998154014,1100,604847
SoA heuristic,4600,3450,0.00016307893020221786,0.0024208000395447016,1150,660889
MMG,4600,3450,0.00016307893020221786,2.4231648000422865,1150,660889
SoA heuristic,4000,3000,0.00018754688672168043,0.0030685998499393463,1000,499770
MMG,4000,3000,0.00018754688672168043,1.7374686999246478,1000,499770
SoA heuristic,4020,3015,0.00018661358546902214,0.004913499811664224,1005,504153
MMG,4020,3015,0.00018661358546902214,1.7183184998575598,1005,504153
SoA heuristic,4040,3030,0.00018568952711067095,0.0021599000319838524,1010,510271
MMG,4040,3030,0.00018568952711067095,1.8562445000279695,1010,510271
SoA heuristic,4080,3060,0.00018386859524393233,0.0040108999237418175,1020,520466
MMG,4080,3060,0.00018386859524393233,1.669416000135243,1020,520466
SoA heuristic,4120,3090,0.0001820830298616169,0.007150399964302778,1030,529925
MMG,4120,3090,0.0001820830298616169,1.820818099891767,1030,529925
SoA heuristic,4200,3150,0.00017861395570373899,0.002364399842917919,1050,551357
MMG,4200,3150,0.00017861395570373899,1.969246500171721,1050,551357
SoA heuristic,4240,3180,0.00017692852087756547,0.002206300152465701,1060,562115
MMG,4240,3180,0.00017692852087756547,2.0582824000157416,1060,562115
SoA heuristic,4400,3300,0.00017049329393043874,0.002321799984201789,1100,605450
MMG,4400,3300,0.00017049329393043874,2.1096137000713497,1100,605450
SoA heuristic,4600,3450,0.00016307893020221786,0.002540099900215864,1150,661849
MMG,4600,3450,0.00016307893020221786,2.4534654999151826,1150,661849
SoA heuristic,4000,3000,0.00018754688672168043,0.0022138000931590796,1000,499430
MMG,4000,3000,0.00018754688672168043,1.6108647999353707,1000,499430
SoA heuristic,4020,3015,0.00018661358546902214,0.002715600188821554,1005,505319
MMG,4020,3015,0.00018661358546902214,1.7670934000052512,1005,505319
SoA heuristic,4040,3030,0.00018568952711067095,0.0022076000459492207,1010,509769
MMG,4040,3030,0.00018568952711067095,1.6015570000745356,1010,509769
SoA heuristic,4080,3060,0.00018386859524393233,0.0021301000379025936,1020,519965
MMG,4080,3060,0.00018386859524393233,2.081007899949327,1020,519965
SoA heuristic,4120,3090,0.0001820830298616169,0.002555200131610036,1030,530850
MMG,4120,3090,0.0001820830298616169,1.992470300057903,1030,530850
SoA heuristic,4200,3150,0.00017861395570373899,0.007053700042888522,1050,551104
MMG,4200,3150,0.00017861395570373899,2.07189550017938,1050,551104
SoA heuristic,4240,3180,0.00017692852087756547,0.0021877000108361244,1060,562254
MMG,4240,3180,0.00017692852087756547,2.2639955000486225,1060,562254
SoA heuristic,4400,3300,0.00017049329393043874,0.0023354000877588987,1100,605263
MMG,4400,3300,0.00017049329393043874,2.318159299902618,1100,605263
SoA heuristic,4600,3450,0.00016307893020221786,0.0024628997780382633,1150,661964
MMG,4600,3450,0.00016307893020221786,2.5085605999920517,1150,661964
SoA heuristic,4000,3000,0.00018754688672168043,0.003289500018581748,1000,500202
MMG,4000,3000,0.00018754688672168043,1.6528433000203222,1000,500202
SoA heuristic,4020,3015,0.00018661358546902214,0.0041628999169915915,1005,505405
MMG,4020,3015,0.00018661358546902214,1.5852347000036389,1005,505405
SoA heuristic,4040,3030,0.00018568952711067095,0.03124419995583594,1010,509764
MMG,4040,3030,0.00018568952711067095,2.085151500068605,1010,509764
SoA heuristic,4080,3060,0.00018386859524393233,0.007668799953535199,1020,520249
MMG,4080,3060,0.00018386859524393233,1.6933406998869032,1020,520249
SoA heuristic,4120,3090,0.0001820830298616169,0.002265100134536624,1030,530497
MMG,4120,3090,0.0001820830298616169,1.8883619999978691,1030,530497
SoA heuristic,4200,3150,0.00017861395570373899,0.041106499964371324,1050,551969
MMG,4200,3150,0.00017861395570373899,2.0180548999924213,1050,551969
SoA heuristic,4240,3180,0.00017692852087756547,0.006064799847081304,1060,561519
MMG,4240,3180,0.00017692852087756547,1.7850969000719488,1060,561519
SoA heuristic,4400,3300,0.00017049329393043874,0.0024076001718640327,1100,605652
MMG,4400,3300,0.00017049329393043874,1.981682199984789,1100,605652
SoA heuristic,4600,3450,0.00016307893020221786,0.004769999999552965,1150,661401
MMG,4600,3450,0.00016307893020221786,2.4706654001493007,1150,661401
SoA heuristic,4000,3000,0.00018754688672168043,0.006474199937656522,1000,500449
MMG,4000,3000,0.00018754688672168043,1.9321858999319375,1000,500449
SoA heuristic,4020,3015,0.00018661358546902214,0.006028299918398261,1005,504604
MMG,4020,3015,0.00018661358546902214,1.737106200074777,1005,504604
SoA heuristic,4040,3030,0.00018568952711067095,0.003171399934217334,1010,509780
MMG,4040,3030,0.00018568952711067095,1.5471164002083242,1010,509780
SoA heuristic,4080,3060,0.00018386859524393233,0.00692919990979135,1020,521357
MMG,4080,3060,0.00018386859524393233,1.7802164000459015,1020,521357
SoA heuristic,4120,3090,0.0001820830298616169,0.050672599812969565,1030,530492
MMG,4120,3090,0.0001820830298616169,1.8465167998801917,1030,530492
SoA heuristic,4200,3150,0.00017861395570373899,0.002595399972051382,1050,550817
MMG,4200,3150,0.00017861395570373899,1.8961439998820424,1050,550817
SoA heuristic,4240,3180,0.00017692852087756547,0.0025563000235706568,1060,561530
MMG,4240,3180,0.00017692852087756547,1.8183774999342859,1060,561530
SoA heuristic,4400,3300,0.00017049329393043874,0.005171299912035465,1100,604600
MMG,4400,3300,0.00017049329393043874,1.9670859000179917,1100,604600
SoA heuristic,4600,3450,0.00016307893020221786,0.0028636998031288385,1150,661569
MMG,4600,3450,0.00016307893020221786,2.2690681000240147,1150,661569
SoA heuristic,4000,3000,0.00018754688672168043,0.005446899915114045,1000,499896
MMG,4000,3000,0.00018754688672168043,1.8713321001268923,1000,499896
SoA heuristic,4020,3015,0.00018661358546902214,0.005766099784523249,1005,504666
MMG,4020,3015,0.00018661358546902214,2.077908999985084,1005,504666
SoA heuristic,4040,3030,0.00018568952711067095,0.0023342000786215067,1010,510227
MMG,4040,3030,0.00018568952711067095,1.9762788000516593,1010,510227
SoA heuristic,4080,3060,0.00018386859524393233,0.006274099927395582,1020,519994
MMG,4080,3060,0.00018386859524393233,1.8810491999611259,1020,519994
SoA heuristic,4120,3090,0.0001820830298616169,0.0021037000697106123,1030,530976
MMG,4120,3090,0.0001820830298616169,1.7881433002185076,1030,530976
SoA heuristic,4200,3150,0.00017861395570373899,0.00694280001334846,1050,551482
MMG,4200,3150,0.00017861395570373899,2.1534205998759717,1050,551482
SoA heuristic,4240,3180,0.00017692852087756547,0.002679800149053335,1060,560721
MMG,4240,3180,0.00017692852087756547,2.238008900079876,1060,560721
SoA heuristic,4400,3300,0.00017049329393043874,0.00974770006723702,1100,604849
MMG,4400,3300,0.00017049329393043874,2.212133000139147,1100,604849
SoA heuristic,4600,3450,0.00016307893020221786,0.005394299980252981,1150,660370
MMG,4600,3450,0.00016307893020221786,2.5188245999161154,1150,660370
SoA heuristic,4000,3000,0.00018754688672168043,0.0073945000767707825,1000,499452
MMG,4000,3000,0.00018754688672168043,2.086812000023201,1000,499452
SoA heuristic,4020,3015,0.00018661358546902214,0.0048022998962551355,1005,505187
MMG,4020,3015,0.00018661358546902214,2.0462309001013637,1005,505187
SoA heuristic,4040,3030,0.00018568952711067095,0.0021098998840898275,1010,510656
MMG,4040,3030,0.00018568952711067095,1.947136899922043,1010,510656
SoA heuristic,4080,3060,0.00018386859524393233,0.005231400020420551,1020,520601
MMG,4080,3060,0.00018386859524393233,1.7976017999462783,1020,520601
SoA heuristic,4120,3090,0.0001820830298616169,0.002193500055000186,1030,530492
MMG,4120,3090,0.0001820830298616169,2.1178427999839187,1030,530492
SoA heuristic,4200,3150,0.00017861395570373899,0.0032778000459074974,1050,551736
MMG,4200,3150,0.00017861395570373899,2.0045022000558674,1050,551736
SoA heuristic,4240,3180,0.00017692852087756547,0.006524799857288599,1060,561309
MMG,4240,3180,0.00017692852087756547,2.0458009000867605,1060,561309
SoA heuristic,4400,3300,0.00017049329393043874,0.004373600007966161,1100,605571
MMG,4400,3300,0.00017049329393043874,2.377082800026983,1100,605571
SoA heuristic,4600,3450,0.00016307893020221786,0.008406799985095859,1150,660728
MMG,4600,3450,0.00016307893020221786,2.5765283000655472,1150,660728
SoA heuristic,4000,3000,0.00018754688672168043,0.00644939998164773,1000,500361
MMG,4000,3000,0.00018754688672168043,1.8603878999128938,1000,500361
SoA heuristic,4020,3015,0.00018661358546902214,0.006101100007072091,1005,505424
MMG,4020,3015,0.00018661358546902214,1.9452193998731673,1005,505424
SoA heuristic,4040,3030,0.00018568952711067095,0.006261899834498763,1010,509739
MMG,4040,3030,0.00018568952711067095,2.1244409000501037,1010,509739
SoA heuristic,4080,3060,0.00018386859524393233,0.002114200033247471,1020,519202
MMG,4080,3060,0.00018386859524393233,2.134275000076741,1020,519202
SoA heuristic,4120,3090,0.0001820830298616169,0.0033915999811142683,1030,530251
MMG,4120,3090,0.0001820830298616169,2.01569169992581,1030,530251
SoA heuristic,4200,3150,0.00017861395570373899,0.002194399945437908,1050,551776
MMG,4200,3150,0.00017861395570373899,2.191848099930212,1050,551776
SoA heuristic,4240,3180,0.00017692852087756547,0.004179499810561538,1060,562357
MMG,4240,3180,0.00017692852087756547,2.1216072000097483,1060,562357
SoA heuristic,4400,3300,0.00017049329393043874,0.007336900103837252,1100,605412
MMG,4400,3300,0.00017049329393043874,2.3419718998484313,1100,605412
SoA heuristic,4600,3450,0.00016307893020221786,0.002435700036585331,1150,660914
MMG,4600,3450,0.00016307893020221786,2.3441308999899775,1150,660914
SoA heuristic,4000,3000,0.00018754688672168043,0.002134700072929263,1000,500664
MMG,4000,3000,0.00018754688672168043,1.9043294999282807,1000,500664
SoA heuristic,4020,3015,0.00018661358546902214,0.004345899913460016,1005,504934
MMG,4020,3015,0.00018661358546902214,2.020998799940571,1005,504934
SoA heuristic,4040,3030,0.00018568952711067095,0.006690699839964509,1010,509848
MMG,4040,3030,0.00018568952711067095,1.9907062998972833,1010,509848
SoA heuristic,4080,3060,0.00018386859524393233,0.006254599895328283,1020,519744
MMG,4080,3060,0.00018386859524393233,1.954131499864161,1020,519744
SoA heuristic,4120,3090,0.0001820830298616169,0.002195600187405944,1030,531215
MMG,4120,3090,0.0001820830298616169,2.0537372999824584,1030,531215
SoA heuristic,4200,3150,0.00017861395570373899,0.00834279996342957,1050,550701
MMG,4200,3150,0.00017861395570373899,2.1471841000020504,1050,550701
SoA heuristic,4240,3180,0.00017692852087756547,0.0022286998573690653,1060,561925
MMG,4240,3180,0.00017692852087756547,2.1408035999629647,1060,561925
SoA heuristic,4400,3300,0.00017049329393043874,0.007329499814659357,1100,604531
MMG,4400,3300,0.00017049329393043874,2.416838400065899,1100,604531
SoA heuristic,4600,3450,0.00016307893020221786,0.0030884998850524426,1150,661497
MMG,4600,3450,0.00016307893020221786,2.631056800018996,1150,661497
SoA heuristic,4000,3000,0.00018754688672168043,0.008665399858728051,1000,499606
MMG,4000,3000,0.00018754688672168043,1.7473530999850482,1000,499606
SoA heuristic,4020,3015,0.00018661358546902214,0.0021345000714063644,1005,505459
MMG,4020,3015,0.00018661358546902214,1.9750389999244362,1005,505459
SoA heuristic,4040,3030,0.00018568952711067095,0.002099399920552969,1010,509545
MMG,4040,3030,0.00018568952711067095,1.7514307999517769,1010,509545
SoA heuristic,4080,3060,0.00018386859524393233,0.002453099936246872,1020,519455
MMG,4080,3060,0.00018386859524393233,1.9601393998600543,1020,519455
SoA heuristic,4120,3090,0.0001820830298616169,0.007134600076824427,1030,530879
MMG,4120,3090,0.0001820830298616169,2.0182808998506516,1030,530879
SoA heuristic,4200,3150,0.00017861395570373899,0.002401400124654174,1050,550938
MMG,4200,3150,0.00017861395570373899,1.9963364999275655,1050,550938
SoA heuristic,4240,3180,0.00017692852087756547,0.004550199955701828,1060,561971
MMG,4240,3180,0.00017692852087756547,2.0046480998862535,1060,561971
SoA heuristic,4400,3300,0.00017049329393043874,0.007905999897047877,1100,604928
MMG,4400,3300,0.00017049329393043874,2.4523618000093848,1100,604928
SoA heuristic,4600,3450,0.00016307893020221786,0.008245999924838543,1150,660715
MMG,4600,3450,0.00016307893020221786,2.6622845998499542,1150,660715
SoA heuristic,4000,3000,0.00018754688672168043,0.002711100038141012,1000,499896
MMG,4000,3000,0.00018754688672168043,2.040230199927464,1000,499896
SoA heuristic,4020,3015,0.00018661358546902214,0.002725900150835514,1005,504477
MMG,4020,3015,0.00018661358546902214,1.9281154999043792,1005,504477
SoA heuristic,4040,3030,0.00018568952711067095,0.0024383000563830137,1010,510415
MMG,4040,3030,0.00018568952711067095,1.9310961998999119,1010,510415
SoA heuristic,4080,3060,0.00018386859524393233,0.002201800001785159,1020,519092
MMG,4080,3060,0.00018386859524393233,1.938338200096041,1020,519092
SoA heuristic,4120,3090,0.0001820830298616169,0.0578640999738127,1030,530958
MMG,4120,3090,0.0001820830298616169,1.9550310999620706,1030,530958
SoA heuristic,4200,3150,0.00017861395570373899,0.006774599896743894,1050,551444
MMG,4200,3150,0.00017861395570373899,2.180903600063175,1050,551444
SoA heuristic,4240,3180,0.00017692852087756547,0.006653799908235669,1060,561699
MMG,4240,3180,0.00017692852087756547,2.2956464998424053,1060,561699
SoA heuristic,4400,3300,0.00017049329393043874,0.00233220006339252,1100,605182
MMG,4400,3300,0.00017049329393043874,2.293396199820563,1100,605182
SoA heuristic,4600,3450,0.00016307893020221786,0.002518499968573451,1150,661796
MMG,4600,3450,0.00016307893020221786,2.613488300004974,1150,661796
SoA heuristic,4000,3000,0.00018754688672168043,0.002109199995175004,1000,500074
MMG,4000,3000,0.00018754688672168043,2.043708100216463,1000,500074
SoA heuristic,4020,3015,0.00018661358546902214,0.008317200001329184,1005,505080
MMG,4020,3015,0.00018661358546902214,1.9322780999355018,1005,505080
SoA heuristic,4040,3030,0.00018568952711067095,0.007025999948382378,1010,510096
MMG,4040,3030,0.00018568952711067095,2.0710216001607478,1010,510096
SoA heuristic,4080,3060,0.00018386859524393233,0.002122600097209215,1020,519691
MMG,4080,3060,0.00018386859524393233,1.960473099956289,1020,519691
SoA heuristic,4120,3090,0.0001820830298616169,0.0031066001392900944,1030,530337
MMG,4120,3090,0.0001820830298616169,1.9856819999404252,1030,530337
SoA heuristic,4200,3150,0.00017861395570373899,0.002427800092846155,1050,551353
MMG,4200,3150,0.00017861395570373899,1.8350370998959988,1050,551353
SoA heuristic,4240,3180,0.00017692852087756547,0.0021721997763961554,1060,562644
MMG,4240,3180,0.00017692852087756547,2.164897099835798,1060,562644
SoA heuristic,4400,3300,0.00017049329393043874,0.0024023998994380236,1100,604535
MMG,4400,3300,0.00017049329393043874,2.31136679998599,1100,604535
SoA heuristic,4600,3450,0.00016307893020221786,0.0027964001055806875,1150,662349
MMG,4600,3450,0.00016307893020221786,2.5651063001714647,1150,662349
SoA heuristic,4000,3000,0.00018754688672168043,0.0022585000842809677,1000,500333
MMG,4000,3000,0.00018754688672168043,1.8110983001533896,1000,500333
SoA heuristic,4020,3015,0.00018661358546902214,0.00584200001321733,1005,505468
MMG,4020,3015,0.00018661358546902214,1.8468545998912305,1005,505468
SoA heuristic,4040,3030,0.00018568952711067095,0.00615749997086823,1010,510121
MMG,4040,3030,0.00018568952711067095,1.9827844998799264,1010,510121
SoA heuristic,4080,3060,0.00018386859524393233,0.0025545000098645687,1020,520161
MMG,4080,3060,0.00018386859524393233,2.1268531000241637,1020,520161
SoA heuristic,4120,3090,0.0001820830298616169,0.0022034000139683485,1030,530609
MMG,4120,3090,0.0001820830298616169,2.152912399964407,1030,530609
SoA heuristic,4200,3150,0.00017861395570373899,0.0054564999882131815,1050,551400
MMG,4200,3150,0.00017861395570373899,2.2458451001439244,1050,551400
SoA heuristic,4240,3180,0.00017692852087756547,0.0022569000720977783,1060,561851
MMG,4240,3180,0.00017692852087756547,2.32472090004012,1060,561851
SoA heuristic,4400,3300,0.00017049329393043874,0.005134999984875321,1100,605607
MMG,4400,3300,0.00017049329393043874,2.437164699891582,1100,605607
SoA heuristic,4600,3450,0.00016307893020221786,0.008588299853727221,1150,661572
MMG,4600,3450,0.00016307893020221786,2.3360136998817325,1150,661572
SoA heuristic,4000,3000,0.00018754688672168043,0.002656100085005164,1000,500177
MMG,4000,3000,0.00018754688672168043,1.9522208999842405,1000,500177
SoA heuristic,4020,3015,0.00018661358546902214,0.0021579000167548656,1005,505250
MMG,4020,3015,0.00018661358546902214,1.9587162998504937,1005,505250
SoA heuristic,4040,3030,0.00018568952711067095,0.003152499906718731,1010,510683
MMG,4040,3030,0.00018568952711067095,1.8389532000292093,1010,510683
SoA heuristic,4080,3060,0.00018386859524393233,0.008849600097164512,1020,520002
MMG,4080,3060,0.00018386859524393233,2.021346800029278,1020,520002
SoA heuristic,4120,3090,0.0001820830298616169,0.006576700136065483,1030,531168
MMG,4120,3090,0.0001820830298616169,1.9064457002095878,1030,531168
SoA heuristic,4200,3150,0.00017861395570373899,0.002171100117266178,1050,551021
MMG,4200,3150,0.00017861395570373899,2.169147100066766,1050,551021
SoA heuristic,4240,3180,0.00017692852087756547,0.008740099845454097,1060,561276
MMG,4240,3180,0.00017692852087756547,1.8716092999093235,1060,561276
SoA heuristic,4400,3300,0.00017049329393043874,0.0029694000259041786,1100,604938
MMG,4400,3300,0.00017049329393043874,2.154257799964398,1100,604938
SoA heuristic,4600,3450,0.00016307893020221786,0.003024499863386154,1150,661650
MMG,4600,3450,0.00016307893020221786,2.3893232999835163,1150,661650
SoA heuristic,4000,3000,0.00018754688672168043,0.008545800112187862,1000,500102
MMG,4000,3000,0.00018754688672168043,1.8735116999596357,1000,500102
SoA heuristic,4020,3015,0.00018661358546902214,0.002124199876561761,1005,504777
MMG,4020,3015,0.00018661358546902214,1.9492899999022484,1005,504777
SoA heuristic,4040,3030,0.00018568952711067095,0.05538809997960925,1010,509548
MMG,4040,3030,0.00018568952711067095,2.037436000071466,1010,509548
SoA heuristic,4080,3060,0.00018386859524393233,0.0021916998084634542,1020,519775
MMG,4080,3060,0.00018386859524393233,2.130380099872127,1020,519775
SoA heuristic,4120,3090,0.0001820830298616169,0.002236599801108241,1030,530150
MMG,4120,3090,0.0001820830298616169,2.038506899960339,1030,530150
SoA heuristic,4200,3150,0.00017861395570373899,0.0031018999870866537,1050,551819
MMG,4200,3150,0.00017861395570373899,2.0564077000599355,1050,551819
SoA heuristic,4240,3180,0.00017692852087756547,0.007074000081047416,1060,561577
MMG,4240,3180,0.00017692852087756547,2.2051278001163155,1060,561577
SoA heuristic,4400,3300,0.00017049329393043874,0.0023653998505324125,1100,605035
MMG,4400,3300,0.00017049329393043874,2.3533990001305938,1100,605035
SoA heuristic,4600,3450,0.00016307893020221786,0.007350399857386947,1150,661119
MMG,4600,3450,0.00016307893020221786,2.501572199864313,1150,661119
SoA heuristic,4000,3000,0.00018754688672168043,0.002195499837398529,1000,500127
MMG,4000,3000,0.00018754688672168043,1.8991215999703854,1000,500127
SoA heuristic,4020,3015,0.00018661358546902214,0.002131999935954809,1005,505235
MMG,4020,3015,0.00018661358546902214,1.741953399963677,1005,505235
SoA heuristic,4040,3030,0.00018568952711067095,0.0059715998359024525,1010,509503
MMG,4040,3030,0.00018568952711067095,1.702624100027606,1010,509503
SoA heuristic,4080,3060,0.00018386859524393233,0.0042779999785125256,1020,520232
MMG,4080,3060,0.00018386859524393233,1.904544800054282,1020,520232
SoA heuristic,4120,3090,0.0001820830298616169,0.0022140000946819782,1030,530170
MMG,4120,3090,0.0001820830298616169,2.010245000012219,1030,530170
SoA heuristic,4200,3150,0.00017861395570373899,0.0023366999812424183,1050,551171
MMG,4200,3150,0.00017861395570373899,1.881660200189799,1050,551171
SoA heuristic,4240,3180,0.00017692852087756547,0.0054419999942183495,1060,562179
MMG,4240,3180,0.00017692852087756547,2.2084538999479264,1060,562179
SoA heuristic,4400,3300,0.00017049329393043874,0.00684799998998642,1100,604773
MMG,4400,3300,0.00017049329393043874,2.081074499990791,1100,604773
SoA heuristic,4600,3450,0.00016307893020221786,0.003351300023496151,1150,662189
MMG,4600,3450,0.00016307893020221786,2.2351764000486583,1150,662189
SoA heuristic,4000,3000,0.00018754688672168043,0.0021633999422192574,1000,500397
MMG,4000,3000,0.00018754688672168043,1.7565912997815758,1000,500397
SoA heuristic,4020,3015,0.00018661358546902214,0.0021516000851988792,1005,506499
MMG,4020,3015,0.00018661358546902214,1.77678870013915,1005,506499
SoA heuristic,4040,3030,0.00018568952711067095,0.007469999836757779,1010,510742
MMG,4040,3030,0.00018568952711067095,1.8654310998972505,1010,510742
SoA heuristic,4080,3060,0.00018386859524393233,0.0028474999126046896,1020,520282
MMG,4080,3060,0.00018386859524393233,1.7369004001375288,1020,520282
SoA heuristic,4120,3090,0.0001820830298616169,0.0084737001452595,1030,529983
MMG,4120,3090,0.0001820830298616169,1.7441930000204593,1030,529983
SoA heuristic,4200,3150,0.00017861395570373899,0.002327800029888749,1050,551878
MMG,4200,3150,0.00017861395570373899,1.8527563998941332,1050,551878
SoA heuristic,4240,3180,0.00017692852087756547,0.003114200197160244,1060,562579
MMG,4240,3180,0.00017692852087756547,1.8310815999284387,1060,562579
SoA heuristic,4400,3300,0.00017049329393043874,0.00669539999216795,1100,604602
MMG,4400,3300,0.00017049329393043874,2.033323199953884,1100,604602
SoA heuristic,4600,3450,0.00016307893020221786,0.005531999981030822,1150,660734
MMG,4600,3450,0.00016307893020221786,2.1410852998960763,1150,660734
SoA heuristic,4000,3000,0.00018754688672168043,0.006867999909445643,1000,499242
MMG,4000,3000,0.00018754688672168043,1.8076428000349551,1000,499242
SoA heuristic,4020,3015,0.00018661358546902214,0.0065591000020504,1005,504879
MMG,4020,3015,0.00018661358546902214,1.9647975000552833,1005,504879
SoA heuristic,4040,3030,0.00018568952711067095,0.028752299956977367,1010,509163
MMG,4040,3030,0.00018568952711067095,1.804979900131002,1010,509163
SoA heuristic,4080,3060,0.00018386859524393233,0.007319800090044737,1020,520313
MMG,4080,3060,0.00018386859524393233,2.1822416000068188,1020,520313
SoA heuristic,4120,3090,0.0001820830298616169,0.002983100013807416,1030,529211
MMG,4120,3090,0.0001820830298616169,2.0036031999625266,1030,529211
SoA heuristic,4200,3150,0.00017861395570373899,0.0631468000356108,1050,552101
MMG,4200,3150,0.00017861395570373899,2.0666928000282496,1050,552101
SoA heuristic,4240,3180,0.00017692852087756547,0.004985200008377433,1060,562712
MMG,4240,3180,0.00017692852087756547,2.1298738999757916,1060,562712
SoA heuristic,4400,3300,0.00017049329393043874,0.0023870000150054693,1100,603606
MMG,4400,3300,0.00017049329393043874,2.4329693999607116,1100,603606
SoA heuristic,4600,3450,0.00016307893020221786,0.006005400093272328,1150,662182
MMG,4600,3450,0.00016307893020221786,2.5587446000427008,1150,662182
SoA heuristic,4000,3000,0.00018754688672168043,0.002526000142097473,1000,499852
MMG,4000,3000,0.00018754688672168043,1.5969929001294076,1000,499852
SoA heuristic,4020,3015,0.00018661358546902214,0.002281599910929799,1005,505254
MMG,4020,3015,0.00018661358546902214,1.556938299909234,1005,505254
SoA heuristic,4040,3030,0.00018568952711067095,0.002629899885505438,1010,509931
MMG,4040,3030,0.00018568952711067095,1.6511635000351816,1010,509931
SoA heuristic,4080,3060,0.00018386859524393233,0.0021599000319838524,1020,520443
MMG,4080,3060,0.00018386859524393233,1.605312200030312,1020,520443
SoA heuristic,4120,3090,0.0001820830298616169,0.0025590001605451107,1030,531518
MMG,4120,3090,0.0001820830298616169,1.6646682999562472,1030,531518
SoA heuristic,4200,3150,0.00017861395570373899,0.003180100116878748,1050,551334
MMG,4200,3150,0.00017861395570373899,1.7610599999316037,1050,551334
SoA heuristic,4240,3180,0.00017692852087756547,0.007721399888396263,1060,561911
MMG,4240,3180,0.00017692852087756547,2.006862999871373,1060,561911
SoA heuristic,4400,3300,0.00017049329393043874,0.0033222001511603594,1100,605078
MMG,4400,3300,0.00017049329393043874,1.786300600040704,1100,605078
SoA heuristic,4600,3450,0.00016307893020221786,0.005255700089037418,1150,659517
MMG,4600,3450,0.00016307893020221786,2.1961618999484926,1150,659517
SoA heuristic,4000,3000,0.00018754688672168043,0.0060131000354886055,1000,500061
MMG,4000,3000,0.00018754688672168043,1.441869799979031,1000,500061
SoA heuristic,4020,3015,0.00018661358546902214,0.005233800038695335,1005,505156
MMG,4020,3015,0.00018661358546902214,1.5884519999381155,1005,505156
SoA heuristic,4040,3030,0.00018568952711067095,0.046140999998897314,1010,509168
MMG,4040,3030,0.00018568952711067095,1.6633846999611706,1010,509168
SoA heuristic,4080,3060,0.00018386859524393233,0.002842100104317069,1020,520048
MMG,4080,3060,0.00018386859524393233,1.5746059999801219,1020,520048
SoA heuristic,4120,3090,0.0001820830298616169,0.006165200145915151,1030,529970
MMG,4120,3090,0.0001820830298616169,1.6849438999779522,1030,529970
SoA heuristic,4200,3150,0.00017861395570373899,0.027755500050261617,1050,552433
MMG,4200,3150,0.00017861395570373899,1.8156921998597682,1050,552433
SoA heuristic,4240,3180,0.00017692852087756547,0.0022990000434219837,1060,561747
MMG,4240,3180,0.00017692852087756547,1.73902179999277,1060,561747
SoA heuristic,4400,3300,0.00017049329393043874,0.004595200065523386,1100,604563
MMG,4400,3300,0.00017049329393043874,1.9713955000042915,1100,604563
SoA heuristic,4600,3450,0.00016307893020221786,0.006594199920073152,1150,660268
MMG,4600,3450,0.00016307893020221786,1.9720582000445575,1150,660268
SoA heuristic,4000,3000,0.00018754688672168043,0.00740060000680387,1000,500256
MMG,4000,3000,0.00018754688672168043,3.6719965999946,1000,500256
SoA heuristic,4020,3015,0.00018661358546902214,0.006954000098630786,1005,503837
MMG,4020,3015,0.00018661358546902214,3.7080388001631945,1005,503837
SoA heuristic,4040,3030,0.00018568952711067095,0.05943170003592968,1010,509742
MMG,4040,3030,0.00018568952711067095,3.7131606999319047,1010,509742
SoA heuristic,4080,3060,0.00018386859524393233,0.0074251999612897635,1020,519499
MMG,4080,3060,0.00018386859524393233,3.7870674000587314,1020,519499
SoA heuristic,4120,3090,0.0001820830298616169,0.007096899906173348,1030,529835
MMG,4120,3090,0.0001820830298616169,3.832844600081444,1030,529835
SoA heuristic,4200,3150,0.00017861395570373899,0.00877890014089644,1050,551167
MMG,4200,3150,0.00017861395570373899,4.034203999908641,1050,551167
SoA heuristic,4240,3180,0.00017692852087756547,0.0077535000164061785,1060,561814
MMG,4240,3180,0.00017692852087756547,4.0649798000231385,1060,561814
SoA heuristic,4400,3300,0.00017049329393043874,0.008057199884206057,1100,604958
MMG,4400,3300,0.00017049329393043874,4.55586179997772,1100,604958
SoA heuristic,4600,3450,0.00016307893020221786,0.008058599894866347,1150,661705
MMG,4600,3450,0.00016307893020221786,4.832022999878973,1150,661705
SoA heuristic,4000,3000,0.00018754688672168043,0.002756600035354495,1000,499441
MMG,4000,3000,0.00018754688672168043,1.3459873998071998,1000,499441
SoA heuristic,4020,3015,0.00018661358546902214,0.0028208999428898096,1005,505074
MMG,4020,3015,0.00018661358546902214,1.2615084999706596,1005,505074
SoA heuristic,4040,3030,0.00018568952711067095,0.0026245000772178173,1010,509451
MMG,4040,3030,0.00018568952711067095,1.2647059001028538,1010,509451
SoA heuristic,4080,3060,0.00018386859524393233,0.0024761001113802195,1020,520275
MMG,4080,3060,0.00018386859524393233,1.3083875000011176,1020,520275
SoA heuristic,4120,3090,0.0001820830298616169,0.002689999993890524,1030,530150
MMG,4120,3090,0.0001820830298616169,1.3256832999177277,1030,530150
SoA heuristic,4200,3150,0.00017861395570373899,0.002254399936646223,1050,551487
MMG,4200,3150,0.00017861395570373899,1.4847083000931889,1050,551487
SoA heuristic,4240,3180,0.00017692852087756547,0.0035308999940752983,1060,560204
MMG,4240,3180,0.00017692852087756547,1.374919099966064,1060,560204
SoA heuristic,4400,3300,0.00017049329393043874,0.002932499861344695,1100,605451
MMG,4400,3300,0.00017049329393043874,1.4575089998543262,1100,605451
SoA heuristic,4600,3450,0.00016307893020221786,0.0025786999613046646,1150,660484
MMG,4600,3450,0.00016307893020221786,3.1018781000748277,1150,660484
SoA heuristic,4000,3000,0.00018754688672168043,0.00274280016310513,1000,499955
MMG,4000,3000,0.00018754688672168043,1.1585316001437604,1000,499955
SoA heuristic,4020,3015,0.00018661358546902214,0.0030062999576330185,1005,505303
MMG,4020,3015,0.00018661358546902214,1.180023099994287,1005,505303
SoA heuristic,4040,3030,0.00018568952711067095,0.0022278001997619867,1010,509921
MMG,4040,3030,0.00018568952711067095,1.166377800051123,1010,509921
SoA heuristic,4080,3060,0.00018386859524393233,0.0027639998588711023,1020,520574
MMG,4080,3060,0.00018386859524393233,1.2323815000709146,1020,520574
SoA heuristic,4120,3090,0.0001820830298616169,0.002424800070002675,1030,530254
MMG,4120,3090,0.0001820830298616169,1.2539361000526696,1030,530254
SoA heuristic,4200,3150,0.00017861395570373899,0.0026171000208705664,1050,551956
MMG,4200,3150,0.00017861395570373899,1.3616745001636446,1050,551956
SoA heuristic,4240,3180,0.00017692852087756547,0.0028431001119315624,1060,561012
MMG,4240,3180,0.00017692852087756547,1.3363354001194239,1060,561012
SoA heuristic,4400,3300,0.00017049329393043874,0.003131899982690811,1100,605392
MMG,4400,3300,0.00017049329393043874,1.4421415999531746,1100,605392
SoA heuristic,4600,3450,0.00016307893020221786,0.0031614999752491713,1150,661413
MMG,4600,3450,0.00016307893020221786,1.597129600122571,1150,661413
SoA heuristic,4000,3000,0.00018754688672168043,0.0031932999845594168,1000,499172
MMG,4000,3000,0.00018754688672168043,1.2086029001511633,1000,499172
SoA heuristic,4020,3015,0.00018661358546902214,0.0026690999511629343,1005,506285
MMG,4020,3015,0.00018661358546902214,1.243053900077939,1005,506285
SoA heuristic,4040,3030,0.00018568952711067095,0.002871100092306733,1010,510021
MMG,4040,3030,0.00018568952711067095,1.2078444000799209,1010,510021
SoA heuristic,4080,3060,0.00018386859524393233,0.0023944999556988478,1020,521690
MMG,4080,3060,0.00018386859524393233,1.252292999997735,1020,521690
SoA heuristic,4120,3090,0.0001820830298616169,0.002844100119546056,1030,530105
MMG,4120,3090,0.0001820830298616169,1.277659700019285,1030,530105
SoA heuristic,4200,3150,0.00017861395570373899,0.002557199914008379,1050,552581
MMG,4200,3150,0.00017861395570373899,1.334499399876222,1050,552581
SoA heuristic,4240,3180,0.00017692852087756547,0.0025019999593496323,1060,561637
MMG,4240,3180,0.00017692852087756547,1.2875785999931395,1060,561637
SoA heuristic,4400,3300,0.00017049329393043874,0.002390200039371848,1100,605717
MMG,4400,3300,0.00017049329393043874,1.4562278999947011,1100,605717
SoA heuristic,4600,3450,0.00016307893020221786,0.0027759999502450228,1150,661692
MMG,4600,3450,0.00016307893020221786,1.6892613000236452,1150,661692
SoA heuristic,4000,3000,0.00018754688672168043,0.0022352999076247215,1000,500283
MMG,4000,3000,0.00018754688672168043,1.1427375001367182,1000,500283
SoA heuristic,4020,3015,0.00018661358546902214,0.002865100046619773,1005,505624
MMG,4020,3015,0.00018661358546902214,1.185379299800843,1005,505624
SoA heuristic,4040,3030,0.00018568952711067095,0.02880850015208125,1010,509894
MMG,4040,3030,0.00018568952711067095,1.1598907001316547,1010,509894
SoA heuristic,4080,3060,0.00018386859524393233,0.0029152000788599253,1020,519151
MMG,4080,3060,0.00018386859524393233,1.176402400014922,1020,519151
SoA heuristic,4120,3090,0.0001820830298616169,0.002341599902138114,1030,530180
MMG,4120,3090,0.0001820830298616169,1.2623184998519719,1030,530180
SoA heuristic,4200,3150,0.00017861395570373899,0.0297046999912709,1050,551055
MMG,4200,3150,0.00017861395570373899,1.325296200113371,1050,551055
SoA heuristic,4240,3180,0.00017692852087756547,0.0024500000290572643,1060,562268
MMG,4240,3180,0.00017692852087756547,1.3409003999549896,1060,562268
SoA heuristic,4400,3300,0.00017049329393043874,0.0026270998641848564,1100,605435
MMG,4400,3300,0.00017049329393043874,1.4515968000050634,1100,605435
SoA heuristic,4600,3450,0.00016307893020221786,0.0026853999588638544,1150,661527
MMG,4600,3450,0.00016307893020221786,1.583947799867019,1150,661527
SoA heuristic,4000,3000,0.00018754688672168043,0.002623999956995249,1000,499844
MMG,4000,3000,0.00018754688672168043,1.2144106000196189,1000,499844
SoA heuristic,4020,3015,0.00018661358546902214,0.002401299774646759,1005,505106
MMG,4020,3015,0.00018661358546902214,1.264847599901259,1005,505106
SoA heuristic,4040,3030,0.00018568952711067095,0.029084899928420782,1010,509664
MMG,4040,3030,0.00018568952711067095,1.2329148999415338,1010,509664
SoA heuristic,4080,3060,0.00018386859524393233,0.003059899900108576,1020,520594
MMG,4080,3060,0.00018386859524393233,1.2596160999964923,1020,520594
SoA heuristic,4120,3090,0.0001820830298616169,0.002383399987593293,1030,530603
MMG,4120,3090,0.0001820830298616169,1.2819797999691218,1030,530603
SoA heuristic,4200,3150,0.00017861395570373899,0.029475599993020296,1050,551722
MMG,4200,3150,0.00017861395570373899,1.3578100998420268,1050,551722
SoA heuristic,4240,3180,0.00017692852087756547,0.002347599947825074,1060,562298
MMG,4240,3180,0.00017692852087756547,1.2969571000430733,1060,562298
SoA heuristic,4400,3300,0.00017049329393043874,0.002359700156375766,1100,604002
MMG,4400,3300,0.00017049329393043874,1.4470240001101047,1100,604002
SoA heuristic,4600,3450,0.00016307893020221786,0.0026892998721450567,1150,661348
MMG,4600,3450,0.00016307893020221786,1.59418600006029,1150,661348
SoA heuristic,4000,3000,0.00018754688672168043,0.0024731000885367393,1000,500241
MMG,4000,3000,0.00018754688672168043,1.210596299963072,1000,500241
SoA heuristic,4020,3015,0.00018661358546902214,0.0027661998756229877,1005,505218
MMG,4020,3015,0.00018661358546902214,1.1999244999606162,1005,505218
SoA heuristic,4040,3030,0.00018568952711067095,0.0025390000082552433,1010,510951
MMG,4040,3030,0.00018568952711067095,1.2071265999693424,1010,510951
SoA heuristic,4080,3060,0.00018386859524393233,0.0023715998977422714,1020,520040
MMG,4080,3060,0.00018386859524393233,1.208385500125587,1020,520040
SoA heuristic,4120,3090,0.0001820830298616169,0.002841199981048703,1030,530193
MMG,4120,3090,0.0001820830298616169,1.2662652998697013,1030,530193
SoA heuristic,4200,3150,0.00017861395570373899,0.0024304999969899654,1050,551316
MMG,4200,3150,0.00017861395570373899,1.3192726001143456,1050,551316
SoA heuristic,4240,3180,0.00017692852087756547,0.0023395000025629997,1060,562032
MMG,4240,3180,0.00017692852087756547,1.2882491999771446,1060,562032
SoA heuristic,4400,3300,0.00017049329393043874,0.0023757999297231436,1100,604825
MMG,4400,3300,0.00017049329393043874,1.4184355998877436,1100,604825
SoA heuristic,4600,3450,0.00016307893020221786,0.0025035999715328217,1150,662195
MMG,4600,3450,0.00016307893020221786,1.614909099880606,1150,662195
SoA heuristic,4000,3000,0.00018754688672168043,0.002790499944239855,1000,501294
MMG,4000,3000,0.00018754688672168043,1.1461056000553071,1000,501294
SoA heuristic,4020,3015,0.00018661358546902214,0.003045800141990185,1005,505390
MMG,4020,3015,0.00018661358546902214,1.2316823001019657,1005,505390
SoA heuristic,4040,3030,0.00018568952711067095,0.002707800129428506,1010,511430
MMG,4040,3030,0.00018568952711067095,1.170077000046149,1010,511430
SoA heuristic,4080,3060,0.00018386859524393233,0.0025027000810950994,1020,519127
MMG,4080,3060,0.00018386859524393233,1.2001316999085248,1020,519127
SoA heuristic,4120,3090,0.0001820830298616169,0.0026863999664783478,1030,530518
MMG,4120,3090,0.0001820830298616169,1.2611075001768768,1030,530518
SoA heuristic,4200,3150,0.00017861395570373899,0.002416699891909957,1050,551932
MMG,4200,3150,0.00017861395570373899,1.3519896999932826,1050,551932
SoA heuristic,4240,3180,0.00017692852087756547,0.0025510999839752913,1060,561609
MMG,4240,3180,0.00017692852087756547,1.3408902999944985,1060,561609
SoA heuristic,4400,3300,0.00017049329393043874,0.002600699895992875,1100,605154
MMG,4400,3300,0.00017049329393043874,1.4647969999350607,1100,605154
SoA heuristic,4600,3450,0.00016307893020221786,0.002706300001591444,1150,661724
MMG,4600,3450,0.00016307893020221786,1.6065260998439044,1150,661724
SoA heuristic,4000,3000,0.00018754688672168043,0.002518499968573451,1000,500459
MMG,4000,3000,0.00018754688672168043,1.2164302999153733,1000,500459
SoA heuristic,4020,3015,0.00018661358546902214,0.0021701001096516848,1005,504954
MMG,4020,3015,0.00018661358546902214,1.203908700030297,1005,504954
SoA heuristic,4040,3030,0.00018568952711067095,0.0029920998495072126,1010,510465
MMG,4040,3030,0.00018568952711067095,1.234158799983561,1010,510465
SoA heuristic,4080,3060,0.00018386859524393233,0.0023262000177055597,1020,520103
MMG,4080,3060,0.00018386859524393233,1.248599800048396,1020,520103
SoA heuristic,4120,3090,0.0001820830298616169,0.0030801999382674694,1030,530637
MMG,4120,3090,0.0001820830298616169,1.2921062998939306,1030,530637
SoA heuristic,4200,3150,0.00017861395570373899,0.0024216000456362963,1050,551564
MMG,4200,3150,0.00017861395570373899,1.3235579999163747,1050,551564
SoA heuristic,4240,3180,0.00017692852087756547,0.0024510000366717577,1060,562982
MMG,4240,3180,0.00017692852087756547,1.3571876001078635,1060,562982
SoA heuristic,4400,3300,0.00017049329393043874,0.0030806001741439104,1100,604747
MMG,4400,3300,0.00017049329393043874,1.4559355000965297,1100,604747
SoA heuristic,4600,3450,0.00016307893020221786,0.0026631001383066177,1150,660697
MMG,4600,3450,0.00016307893020221786,1.648229799931869,1150,660697
SoA heuristic,4000,3000,0.00018754688672168043,0.002257899846881628,1000,500258
MMG,4000,3000,0.00018754688672168043,1.2269847001880407,1000,500258
SoA heuristic,4020,3015,0.00018661358546902214,0.002876899903640151,1005,504912
MMG,4020,3015,0.00018661358546902214,1.2309815001208335,1005,504912
SoA heuristic,4040,3030,0.00018568952711067095,0.0031720998231321573,1010,509777
MMG,4040,3030,0.00018568952711067095,1.2230056000407785,1010,509777
SoA heuristic,4080,3060,0.00018386859524393233,0.0029881999362260103,1020,519489
MMG,4080,3060,0.00018386859524393233,1.246852200012654,1020,519489
SoA heuristic,4120,3090,0.0001820830298616169,0.0023616000544279814,1030,530016
MMG,4120,3090,0.0001820830298616169,1.2645888000261039,1030,530016
SoA heuristic,4200,3150,0.00017861395570373899,0.002265299903228879,1050,550975
MMG,4200,3150,0.00017861395570373899,1.2619593001436442,1050,550975
SoA heuristic,4240,3180,0.00017692852087756547,0.0023270000237971544,1060,561837
MMG,4240,3180,0.00017692852087756547,1.3467415999621153,1060,561837
SoA heuristic,4400,3300,0.00017049329393043874,0.0026764001231640577,1100,604742
MMG,4400,3300,0.00017049329393043874,1.4586432999931276,1100,604742
SoA heuristic,4600,3450,0.00016307893020221786,0.0028959999326616526,1150,661677
MMG,4600,3450,0.00016307893020221786,1.5939497998915613,1150,661677
SoA heuristic,4000,3000,0.00018754688672168043,0.002845499897375703,1000,500046
MMG,4000,3000,0.00018754688672168043,1.2230122999753803,1000,500046
SoA heuristic,4020,3015,0.00018661358546902214,0.00291630020365119,1005,505051
MMG,4020,3015,0.00018661358546902214,1.2148396000266075,1005,505051
SoA heuristic,4040,3030,0.00018568952711067095,0.002583799883723259,1010,510620
MMG,4040,3030,0.00018568952711067095,1.1737145998049527,1010,510620
SoA heuristic,4080,3060,0.00018386859524393233,0.002777199959382415,1020,519859
MMG,4080,3060,0.00018386859524393233,1.2670129002071917,1020,519859
SoA heuristic,4120,3090,0.0001820830298616169,0.002398999873548746,1030,530034
MMG,4120,3090,0.0001820830298616169,1.2923441000748426,1030,530034
SoA heuristic,4200,3150,0.00017861395570373899,0.00245789997279644,1050,551367
MMG,4200,3150,0.00017861395570373899,1.3832336999475956,1050,551367
SoA heuristic,4240,3180,0.00017692852087756547,0.0030803000554442406,1060,562826
MMG,4240,3180,0.00017692852087756547,1.364769799867645,1060,562826
SoA heuristic,4400,3300,0.00017049329393043874,0.0030175999272614717,1100,604816
MMG,4400,3300,0.00017049329393043874,1.471781900152564,1100,604816
SoA heuristic,4600,3450,0.00016307893020221786,0.0032393999863415956,1150,660348
MMG,4600,3450,0.00016307893020221786,1.6033330000936985,1150,660348
SoA heuristic,4000,3000,0.00018754688672168043,0.002284900052472949,1000,499980
MMG,4000,3000,0.00018754688672168043,1.2661100998520851,1000,499980
SoA heuristic,4020,3015,0.00018661358546902214,0.0025224999990314245,1005,505164
MMG,4020,3015,0.00018661358546902214,1.271104000043124,1005,505164
SoA heuristic,4040,3030,0.00018568952711067095,0.002300600055605173,1010,509768
MMG,4040,3030,0.00018568952711067095,1.3128382000140846,1010,509768
SoA heuristic,4080,3060,0.00018386859524393233,0.003227700013667345,1020,519948
MMG,4080,3060,0.00018386859524393233,1.3983797000255436,1020,519948
SoA heuristic,4120,3090,0.0001820830298616169,0.0023356000892817974,1030,530803
MMG,4120,3090,0.0001820830298616169,1.4999291999265552,1030,530803
SoA heuristic,4200,3150,0.00017861395570373899,0.0027139000594615936,1050,551786
MMG,4200,3150,0.00017861395570373899,1.3693009000271559,1050,551786
SoA heuristic,4240,3180,0.00017692852087756547,0.0026436999905854464,1060,562415
MMG,4240,3180,0.00017692852087756547,1.4144488000310957,1060,562415
SoA heuristic,4400,3300,0.00017049329393043874,0.0025510999839752913,1100,604929
MMG,4400,3300,0.00017049329393043874,1.443486399948597,1100,604929
SoA heuristic,4600,3450,0.00016307893020221786,0.0026590998750180006,1150,661581
MMG,4600,3450,0.00016307893020221786,1.7389239000622183,1150,661581
